1  4912.40  5376.41 407.91
2  4994.50  5308.49 409.39
3  4941.60  5307.17 408.39
4  4926.70  5315.34 407.95
5  4908.50  5325.67 407.57
6  4914.70  5322.18 408.10
7  4895.10  5332.27 407.36
8  4904.80  5366.09 407.26
9  4900.10  5352.23 407.48
10 4919.00  5358.14 407.76
11 4916.00  5343.94 408.07
12 4932.20  5350.92 408.73
13 4925.00  5336.23 408.55
14 4946.00  5343.36 408.60
15 4941.80  5329.05 408.45
16 4958.90  5335.98 409.08
17 4954.90  5322.63 409.02
18 4973.50  5327.87 409.35
19 4963.80  5314.80 409.08
20 4981.40  5323.57 408.94
21 4973.20  5308.82 409.03
22 4997.90  5314.63 409.18
23 4999.10  5354.80 408.45
24 4991.80  5338.57 408.80
25 4982.80  5363.84 408.61
26 4991.70  5338.61 408.80
27 4982.80  5363.90 408.55
28 4975.00  5347.99 408.94
29 4970.00  5370.44 410.68
30 4962.40  5353.19 408.85
31 4955.10  5378.96 407.73
32 4945.80  5362.44 408.69
33 4951.20  5372.03 407.99
34 4936.80  5366.48 408.91
35 4939.80  5386.85 407.65
36 4933.70  5369.13 408.14
37 4918.70  5378.15 407.49
38 4909.90  5403.81 406.62
39 4900.70  5386.65 407.14
40 4895.80  5390.00 406.48
41 4906.60  5427.14 405.88
42 4926.00  5434.92 406.11
43 4921.30  5419.41 406.39
44 4940.10  5427.32 406.37
45 4954.50  5419.64 407.01
46 4947.40  5405.21 409.05
47 4968.80  5411.53 407.33
48 4962.80  5396.68 407.77
49 4983.40  5403.65 408.07
50 4977.40  5389.10 408.16
51 4999.00  5395.66 408.22
52 4992.80  5381.98 408.37
53 4997.40  5409.09 407.82
54 5002.80  5421.39 406.58
55 5007.10  5432.10 406.46
56 4984.50  5423.00 406.87
57 4969.10  5430.35 406.80
58 4977.30  5319.25 409.04
59 5004.60  5326.92 409.08
60 4915.20  5331.16 407.98
61 4987.10  5336.70 408.92
62 4897.80  5340.94 407.43
63 4969.70  5346.48 408.95
64 4942.50  5338.82 408.56
65 4925.00  5348.60 408.41
66 4996.90  5354.14 408.50
67 4952.20  5356.25 410.74
68 4907.60  5358.38 407.50
69 4934.80  5366.03 408.72
70 4979.50  5363.92 408.63
71 5006.70  5371.58 407.92
72 4917.40  5375.82 407.61
73 4962.00  5373.70 408.19
74 4899.90  5385.60 407.12
75 4944.60  5383.48 407.62
76 4989.20  5381.36 408.38
77 4927.10  5393.25 409.35
78 4971.80  5391.14 408.02
79 4909.70  5403.03 406.65
80 4954.40  5400.92 407.39
81 4999.00  5398.80 408.10
82 4981.60  5408.58 407.73
83 4936.90  5410.70 406.91
84 4964.10  5418.36 407.11
85 4919.50  5420.48 406.32
86 4946.70  5428.14 406.63
87 4991.40  5426.02 406.61
88 4902.00  5430.25 405.73
89 4929.30  5437.92 406.03
90 4950.10  5311.60 408.68
91 4905.50  5313.72 407.64
92 4994.80  5309.48 409.36
93 4932.70  5321.38 408.17
94 4959.90  5329.03 409.10
