40   2567.06  6827.23  100.0
41   2529.93  6829.30
42   2778.27  6611.57
43   2656.40  6592.13

40    1.590
41    L  37.250  102.0025   93.2625  1.56
41    R  37.250  282.0000  266.3335  1.56
2000  L  32.440  283.4610   89.5140  1.56
2000  R  32.440  103.4610  270.0840  1.56

2000  1.590
40    L  32.440  274.4200   90.0555  1.56
40    R  32.440   94.4155  269.5415  1.56
102   L  79.510    7.2045   90.4755  1.56
102   R  79.510  187.2040  269.1155  1.56

102   1.590
2000  L  79.510  352.0555   89.1220  1.56
2000  R  79.500  172.0535  270.4740  1.56
2001  L  41.250  263.5440   88.5100  1.56
2001  R  41.250   83.5425  271.0845  1.56
2002  L  72.180   59.4300   90.5405  1.56
2002  R  72.190  239.4300  269.0605  1.56

2002  1.590
102   L  72.190  198.4920   89.1055  1.56
102   R  72.180   18.4915  270.4910  1.56
41    L  56.440  313.5910   90.0840  1.56
41    R  56.440  133.5905  269.5120  1.56

41    1.590
2002  L  56.440  195.2105   89.5610  1.56
2002  R  56.440   15.2105  270.0405  1.56
40    L  37.240  278.0955   86.3910  1.56
40    R  37.240   98.0945  273.2055  1.56

49    1.56
43    L  86.690   90.5725   92.1020  1.56
43    R  86.690  270.5735  267.4945  1.56
2001  L  71.100  276.3650   89.0445  1.56
2001  R  71.100   96.3645  270.5525  1.56
2022  L  51.270   85.1230   92.1205  1.56
2022  R  51.260  265.1220  267.4745  1.56

2022  1.56
49    L  51.270  140.0400   87.2720  1.56
49    R  51.270  320.0400  272.3225  1.56
43    L  36.050  334.0100   92.2840  1.56
43    R  36.050  154.0105  267.3130  1.56

43    1.56
42    L 123.420  193.0330   90.5930  1.56
42    R 123.420   13.0320  269.0040  1.56
2022  L  36.050  284.4410   87.3645  1.56
2022  R  36.050  104.4410  272.2315  1.56
49    L  86.720  276.3325   87.0330  1.56
49    R  86.730   96.3315  272.5635  1.56

2001  1.56
49    L  71.100  114.4530   91.0135  1.56
49    R  71.100  294.4515  268.5830  1.56
102   L  41.250   19.3125   91.1635  1.56
102   R  41.260  199.3145  268.4310  1.56