40     1.590  41  102.0025
   1_1    18.440  290.4510   89.5140  1.56
   1_2    21.450  240.3410   86.5640  1.56
   1_3    19.550  140.2310   88.3640  1.56
0
2000    1.590  40  274.4200
   2_1    30.510    17.2245   88.4755  1.56
   2_2    24.560    57.2045   90.4755  1.56
0
102     1.590  2001  263.5440
   3_1   25.510  332.0555   89.1220  1.56  6
   3_2   32.180   89.4300   90.5405  1.56
   3_3   34.170   29.5400   93.3405  1.56
   3_4   64.160  109.6500   92.4405  1.56
   3_5   32.150  139.7600   91.1605  1.56
   3_6   62.140  148.4700   92.5405  1.56
0
2002    1.590  102  198.4920
   4_1   27.190  168.4920   89.1055  1.56
   4_2   24.440  303.5910   90.0840  1.56  7
   4_3   26.550  230.4910   87.0740  1.56
   4_4   37.660  260.4810   89.0640  1.56
   4_5   22.770  340.4710   88.0540  1.56
   4_6   20.830  100.4610   89.0440  1.56
   4_7   40.440  140.4510   91.0340  1.56
0
41      1.590  2002  195.2105
   5_1  25.250  288.0955   86.2910  1.56
   5_2  21.240  178.0855   88.4910  1.56

49      1.56  43     90.5725
   6_1    31.100  270.3650   89.0445  1.56
   6_2    57.270  185.1230   92.1205  1.56
   6_3    48.370  225.1330   91.2205  1.56
   6_4    53.460  325.1440   90.3205  1.56
   6_5    51.550    5.1550   92.4505  1.56
   6_6    26.640  328.1660   91.5405  1.56
   6_7    28.730  208.1770   91.1305  1.56
   6_8    18.820   35.1880   91.1205  1.56
   6_9    28.270  165.1230   91.1105  1.56

2022    1.56  49    140.0400
   7_1   23.050  124.0100   92.2840  1.56
   7_2   55.150  204.1100   91.1740  1.56
   7_3   56.240  244.2200   90.2640  1.56
   7_4   26.330  200.3300   89.3540  1.56
   7_5   59.420   80.4400   88.4440  1.56
   7_6   29.510   70.5500   89.5340  1.56
   7_7   28.650  260.4100   88.2240  1.56

43      1.56  2022  0.0
   8_1   63.420   93.0330   90.5930  1.56
   8_2   30.730  246.3425   87.0350  1.56
   8_3   31.740   86.4525   88.0460  1.56
   8_4   61.750  276.5625   89.0570  1.56
   8_5   31.760  286.6725   86.0680  1.56
   8_6   30.770  126.3825   91.0730  1.56

2001    1.56  49    114.4530
   9_1   35.250  301.3225   91.1635  1.56
   9_2   25.250   45.2325   90.1645  1.56
   9_3   29.350  245.2425   88.1655  1.56
   9_4   28.450  175.3525   89.1665  1.56